tree
version=v4
num_class=1
num_tree_per_iteration=1
label_index=0
max_feature_idx=15
objective=binary sigmoid:1
feature_names=return_lag_1 return_lag_2 return_lag_3 return_lag_4 return_lag_5 volatility_20 sma20_deviation sma50_deviation sma200_deviation bb_position rsi14 macd_hist_ratio btc_return day_of_week hour_of_day symbol_code
feature_infos=[-0.38807957515731684:1.2818750941793722] [-0.38807957515731684:1.2818750941793722] [-0.38807957515731684:1.2818750941793722] [-0.38807957515731684:1.2818750941793722] [-0.38807957515731684:1.2818750941793722] [0.00077795841692215406:0.3683881730637949] [-0.48854397634885438:4.6355223312020408] [-0.5494351661946153:6.5228424892067318] [-0.64984786847332399:8.3217822607750431] [-0.53451278067316965:1.5844199530766636] [5.8597038674000004:98.939925211200006] [-0.10805168734104045:0.11666023482690149] [-0.20496235993672818:0.14749018714543172] [1:7] [0:20] -1:3:0:1:5:2:4
tree_sizes=1762 1792 1796 1834 1782 1813 1818 1815 1789

Tree=0
num_leaves=15
num_cat=0
split_feature=0 12 14 14 1 13 11 2 5 0 14 11 1 12
split_gain=392.572 75.6538 74.1279 43.9697 39.8301 31.0629 30.8812 33.8036 30.2337 28.3905 26.8543 23.4021 23.0736 22.0936
threshold=-0.0012825287662686644 1.0000000180025095e-35 18.000000000000004 10.000000000000002 -0.0063405429133869809 4.5000000000000009 1.0000000180025095e-35 -0.0090163167554998518 0.01295857992573445 0.0048575745759618103 10.000000000000002 0.0074432074100720573 -0.0028392376528703074 0.009551005425265326
decision_type=2 2 2 2 2 2 2 2 2 2 2 2 2 2
left_child=1 3 4 5 6 8 7 -2 -1 -4 -6 -7 -3 -14
right_child=2 12 9 -5 10 11 -8 -9 -10 -11 -12 -13 13 -15
leaf_value=0.030844784211427459 0.029202657133444672 0.042719222438260214 0.02743502932673773 0.051565984462028314 0.025796822500773538 0.051209099077941883 0.030102293163461864 0.047470621280192506 0.044118870742685522 0.013859002517532661 0.033242163079162411 0.02677393651692794 0.02451529536427054 0.047082268596208947
leaf_weight=726.26438960433006 358.88357311487198 429.36070933938026 641.29195585846901 2873.5677741467953 3075.5022637546062 1110.8896117657423 959.68866348266602 860.22093221545219 1047.9100432246923 963.93728516995907 1997.8518687188625 107.46513679623604 649.28936138749123 130.20775876939297
leaf_count=2906 1436 1718 2566 11498 12306 4445 3840 3442 4193 3857 7994 430 2598 521
internal_value=0.0360196 0.0448013 0.029005 0.0471484 0.031157 0.0429065 0.0368114 0.0420928 0.0386851 0.0192826 0.0287287 0.0490538 0.0334117 0.0282849
internal_weight=15932.3 7074.95 8857.38 5866.1 7252.15 2992.53 2178.79 1219.1 1774.17 1605.23 5073.35 1218.35 1208.86 779.497
internal_count=63750 28309 35441 23472 29018 11974 8718 4878 7099 6423 20300 4875 4837 3119
is_linear=0
shrinkage=1


Tree=1
num_leaves=15
num_cat=0
split_feature=0 12 14 9 14 14 13 1 13 0 9 3 12 2
split_gain=354.322 68.3029 66.8746 39.887 39.7122 31.0054 28.0487 25.7889 29.6963 25.6081 28.4153 24.3588 23.9925 21.9654
threshold=-0.0012825287662686644 1.0000000180025095e-35 18.000000000000004 0.27259732923319574 10.000000000000002 14.000000000000002 4.5000000000000009 -0.0021734499085788168 5.5000000000000009 0.0048575745759618103 1.14312571511262 -0.0076263215694437605 -0.0013698501779858539 0.00014728191899593404
decision_type=2 2 2 2 2 2 2 2 2 2 2 2 2 2
left_child=1 4 3 13 6 12 -1 11 -9 -4 -11 -7 -5 -2
right_child=2 -3 9 5 -6 7 -8 8 -10 10 -12 -13 -14 -15
leaf_value=0.0025323995738100323 -0.00094851436965477968 -0.0024774201096648433 -0.0081541834523056658 0.0010533852620531268 0.014774233036534822 -0.01362085667844521 0.012386192096404423 0.0015169467900307701 -0.020326788607447785 -0.023157621156984602 0.013853180312550346 0.015122249321522877 -0.0095425450253495987 0.01324772936301302
leaf_weight=1774.06731800735 899.75137743353844 1208.8843572735786 641.37928774952888 613.62029077112675 2872.5899735689163 90.720290988683701 1218.0025441944599 511.10878869891167 223.6881984770298 909.20631840825081 54.997357726097107 393.12804645299911 4129.8020488619804 390.83861757814884
leaf_count=7099 3600 4837 2566 2455 11498 363 4875 2045 895 3637 220 1573 16523 1564
internal_value=6.12987e-08 0.0083444 -0.00666312 -0.00461905 0.0105751 -0.00634422 0.00654365 0.000769506 -0.00513276 -0.0158965 -0.0210466 0.00973299 -0.00817183 0.00335064
internal_weight=15931.8 7073.54 8858.24 7252.66 5864.66 5962.07 2992.07 1218.65 734.797 1605.58 964.204 483.848 4743.42 1290.59
internal_count=63750 28309 35441 29018 23472 23854 11974 4876 2940 6423 3857 1936 18978 5164
is_linear=0
shrinkage=0.05


Tree=2
num_leaves=15
num_cat=0
split_feature=0 12 14 14 1 2 11 13 5 0 14 11 1 12
split_gain=319.814 61.6723 60.3511 35.8767 34.2882 25.6059 30.8366 25.33 27.2907 23.2533 22.5454 21.137 20.8222 19.9366
threshold=-0.0012825287662686644 1.0000000180025095e-35 18.000000000000004 10.000000000000002 -0.0075410343157155104 -0.009423204622987345 1.0000000180025095e-35 4.5000000000000009 0.01295857992573445 0.0041091731269233831 10.000000000000002 0.0074432074100720573 -0.0028392376528703074 0.009551005425265326
decision_type=2 2 2 2 2 2 2 2 2 2 2 2 2 2
left_child=1 3 4 7 5 -2 -7 8 -1 -4 -6 -9 -3 -14
right_child=2 12 9 -5 10 6 -8 11 -10 -11 -12 -13 13 -15
leaf_value=-0.0050424408431103381 -0.0089575019448330847 0.0064890595860359213 -0.0069813471193894295 0.014041790481480208 -0.0091213654449430383 0.011259734987108307 -0.0030945574696193555 0.013820649596152819 0.0075694260658195848 -0.019559903664461632 -0.0024383973580524962 -0.0094032174010321313 -0.01080293215078495 0.010635300212348894
leaf_weight=726.29768943786621 468.66174292564392 429.3261746764183 569.19710321724415 2871.3395813107491 3200.6597578972578 786.52228064835072 713.61059567332268 1110.1271730661392 1047.679864808917 1036.4630540311337 2083.5109732300043 107.45879977941513 649.42114117741585 130.1852368414402
leaf_count=2906 1875 1718 2277 11498 12804 3148 2855 4445 4193 4146 8336 430 2598 521
internal_value=1.13668e-07 0.00792917 -0.00632965 0.0100495 -0.00438788 0.00124426 0.00443142 0.00621757 0.00240591 -0.0151009 -0.00648632 0.011771 -0.00235346 -0.007223
internal_weight=15930.5 7071.84 8858.63 5862.9 7252.97 1968.79 1500.13 2991.56 1773.98 1605.66 5284.17 1217.59 1208.93 779.606
internal_count=63750 28309 35441 23472 29018 7878 6003 11974 7099 6423 21140 4875 4837 3119
is_linear=0
shrinkage=0.05


Tree=3
num_leaves=15
num_cat=1
split_feature=12 15 1 12 12 14 12 14 3 14 12 2 11 12
split_gain=220.419 60.8283 61.3024 44.204 32.698 22.4687 22.8974 21.2893 26.2811 25.3884 25.5388 21.1083 20.409 26.9831
threshold=-0.0013698501779858539 0 -0.003552330745935139 -0.0086244109913105587 0.0016847625032888616 10.000000000000002 -0.0015232750542670257 18.000000000000004 0.034767391530358911 1.0000000180025095e-35 -0.00089310921660828979 -0.012497903054266955 -0.00081170384529340004 0.011853753258026402
decision_type=2 1 2 2 2 2 2 2 2 2 2 2 2 2
left_child=3 -2 4 -1 -3 6 -5 8 9 -4 -11 -6 13 -13
right_child=1 2 7 5 11 -7 -8 -9 -10 10 -12 12 -14 -15
leaf_value=0.013671197791495419 0.0020678173425044979 0.0079865182894816086 -0.017841881374496684 -0.00056296436765041673 -0.014196565297012931 0.0090556599578273961 0.03269216949760588 -0.017015701094532029 0.01165873129562843 -0.026584473990006227 -0.0061724956470720523 0.010209931030637352 -0.0063033265229205555 -0.010458257664948036
leaf_weight=2229.6302547156811 2860.5138401687145 775.10455000400543 697.65721248090267 1616.4268252849579 409.43487128615379 1421.0537667125463 53.474045038223267 879.04054553806782 156.72345441579819 161.88596032559872 2869.0291662961245 565.41588351130486 1013.7819110006094 219.11263535916805
leaf_count=8929 11449 3102 2791 6470 1638 5691 214 3517 627 648 11478 2263 4056 877
internal_value=1.62685e-07 -0.00416545 -0.00646131 0.00830519 -0.000848537 0.00443448 0.000501941 -0.00998891 -0.00839911 -0.00924221 -0.00726273 -0.00395039 -0.00161756 0.00443747
internal_weight=15928.3 10607.7 7747.19 5320.58 2982.85 3090.95 1669.9 4764.34 3885.3 3728.57 3030.92 2207.75 1798.31 784.529
internal_count=63750 42446 30997 21304 11936 12375 6684 19061 15544 14917 12126 8834 7196 3140
cat_boundaries=0 1
cat_threshold=2
is_linear=0
shrinkage=0.05


Tree=4
num_leaves=15
num_cat=0
split_feature=0 14 12 9 14 13 14 13 1 1 13 9 0 3
split_gain=273.473 52.5294 50.5014 34.0226 32.1815 34.0676 26.0642 25.5906 32.622 22.6429 26.7168 22.3643 26.6889 21.9201
threshold=-0.0012825287662686644 18.000000000000004 1.0000000180025095e-35 0.27259732923319574 14.000000000000002 4.5000000000000009 14.000000000000002 6.5000000000000009 -0.0026060863286156972 -0.0021734499085788168 5.5000000000000009 1.14312571511262 0.0039653726346007287 -0.0076263215694437605
decision_type=2 2 2 2 2 2 2 2 2 2 2 2 2 2
left_child=2 3 4 -2 5 -1 -5 -6 -9 13 -11 12 -3 -8
right_child=1 11 -4 6 7 -7 9 8 -10 10 -12 -13 -14 -15
leaf_value=0.0029526449297479869 0.0033204665655747669 -0.0064161226307378879 -0.0019694818523494323 -0.0073093524946082379 0.017214142222888102 0.012326924694723771 -0.012862031094426147 0.024774642090760517 -0.011604944249397953 0.0016666523235129762 -0.019050405348862459 0.016446208884653653 -0.020099518751771975 0.014403670820914281
leaf_weight=2392.6115954071283 1290.3830692768097 556.47261632978916 1208.9116685241461 4744.0047227889299 1562.1999484151602 1629.0756185352802 90.733127951622009 93.060892909765244 182.40304282307625 511.12696576118469 223.74369169771671 57.998423799872398 990.92402817308903 392.98745395243168
leaf_count=9580 5164 2226 4837 18978 6261 6527 363 373 731 2045 895 232 3965 1573
internal_value=2.60307e-07 -0.00585228 0.00733501 -0.00404082 0.00925473 0.00674991 -0.0056339 0.0147365 0.000685292 0.000888659 -0.004641 -0.0140362 -0.0151787 0.00928935
internal_weight=15926.6 8858.37 7068.26 7252.98 5859.35 4021.69 5962.6 1837.66 275.464 1218.59 734.871 1605.4 1547.4 483.721
internal_count=63750 35441 28309 29018 23472 16107 23854 7365 1104 4876 2940 6423 6191 1936
is_linear=0
shrinkage=0.05


Tree=5
num_leaves=15
num_cat=1
split_feature=0 14 9 14 0 1 8 9 3 15 13 6 1 1
split_gain=247.364 46.9583 37.8015 28.6902 26.8089 24.6604 27.0786 24.5658 21.4655 21.2921 17.7183 19.9761 17.647 16.713
threshold=-0.0033868452998081495 18.000000000000004 0.27259732923319574 10.000000000000002 0.0041091731269233831 0.00065193298406041056 -0.006539698894442946 1.14312571511262 0.057111600033078698 0 5.5000000000000009 -0.011406701976527876 -0.029476197292462532 -0.0028392376528703074
decision_type=2 2 2 2 2 2 2 2 2 1 2 2 2 2
left_child=5 2 -2 8 -3 6 -1 -6 9 -4 -5 -12 -11 -13
right_child=1 4 3 10 7 -7 -8 -9 -10 12 11 13 -14 -15
leaf_value=0.0071562262569272936 0.0038778515805406588 -0.0049811902064009301 -0.013466175571827313 0.0019414853467303523 -0.019171071941516307 0.0050202370409859814 0.016996205192781777 0.014808410488917343 0.019694767599042762 0.018540421918059317 -0.029191719508904292 0.0066404755802957436 -0.0061338211674907966 -0.0094556234882869471
leaf_weight=1583.5973186939955 1545.7566258460283 764.39064705371857 1212.3135624974966 1847.2032288014889 979.49174836277962 3044.1566533595324 1251.8640477955341 56.245349943637848 71.494044199585915 74.483727604150772 89.458231002092361 240.35791298747063 2672.8018230497837 490.12132866680622
leaf_count=6346 6187 3059 4850 7392 3921 12196 5016 225 286 298 358 962 10693 1961
internal_value=2.98382e-07 -0.00476768 -0.00317014 -0.00479661 -0.0120839 0.00814541 0.0115006 -0.0173258 -0.00745836 -0.00794864 -0.00077365 -0.00689047 -0.00544504 -0.00415934
internal_weight=15923.7 10044.1 8243.99 6698.23 1800.13 5879.62 2835.46 1035.74 4031.09 3959.6 2667.14 819.937 2747.29 730.479
internal_count=63750 40192 32987 26800 7205 23558 11362 4146 16127 15841 10673 3281 10991 2923
cat_boundaries=0 1
cat_threshold=36
is_linear=0
shrinkage=0.05


Tree=6
num_leaves=15
num_cat=1
split_feature=12 9 15 12 3 12 3 11 14 12 3 11 7 1
split_gain=173.343 57.2519 42.4327 36.8345 30.8086 21.9736 20.6411 20.238 19.1881 21.0206 19.4119 20.5202 15.536 15.2722
threshold=-0.0013698501779858539 0.26475187755390467 0 -0.0086244109913105587 0.0052837732416649583 -0.00089310921660828979 0.0078386191219091978 -0.0079123662768030619 10.000000000000002 -0.0015232750542670257 -0.012513897739058919 0.002820085650485386 0.23521271175525174 -0.005560666557964832
decision_type=2 2 1 2 2 2 2 2 2 2 2 2 2 2
left_child=3 6 -3 -1 5 -4 7 -2 9 10 11 -5 -6 -9
right_child=1 2 4 8 12 -7 -8 13 -10 -11 -12 -13 -14 -15
leaf_value=0.012270908578195294 -0.0072232795184346407 0.00050170936420133882 -0.02812272500937936 0.01777599794650438 -0.0039693158964259822 -0.0095714872392064568 0.015385125730529206 0.010444753578325118 0.0081083477956376757 0.031060462134255729 -0.0033128457807528283 -0.017016907723858651 0.015383981307445041 4.9107984457619824e-05
leaf_weight=2226.8499008119106 497.78655371069908 2131.2961467057467 166.63449813425541 225.01885509490967 2152.1012181192636 3793.5799151957035 308.95470561087132 614.2732797563076 1419.6508581191301 53.41789610683918 1338.7358642816544 52.210862338542938 108.94727669656277 831.56228239834309
leaf_count=8929 1993 8532 667 901 8612 15180 1237 2460 5691 214 5360 209 436 3329
internal_value=-1.18744e-07 -0.00369387 -0.00560169 0.00736888 -0.00768107 -0.0103521 0.00338032 0.00147205 0.00383507 0.000201048 -0.000819051 0.0112234 -0.00303679 0.00446577
internal_weight=15921 10605.1 8352.56 5315.88 6221.26 3960.21 2252.58 1943.62 3089.03 1669.38 1615.97 277.23 2261.05 1445.84
internal_count=63750 42446 33427 21304 24895 15847 9019 7782 12375 6684 6470 1110 9048 5789
cat_boundaries=0 1
cat_threshold=2
is_linear=0
shrinkage=0.05


Tree=7
num_leaves=15
num_cat=0
split_feature=0 12 1 12 0 9 1 12 12 11 12 2 8 12
split_gain=213.225 41.5694 37.0892 29.2732 28.2325 26.0839 21.7877 21.5006 23.5071 17.3866 16.7282 16.3228 17.6871 15.0686
threshold=-0.0012825287662686644 -0.0065370446123071404 -0.003552330745935139 -0.0013698501779858539 0.012088649358629413 1.0972666445675132 -0.0025037791030905194 1.0000000180025095e-35 -6.4831106776297429e-05 -0.00016535972826130192 0.009551005425265326 -0.016265384037751737 0.13101526082872086 -0.0012889135440871111
decision_type=2 2 2 2 2 2 2 2 2 2 2 2 2 2
left_child=1 -1 4 -4 9 -5 -3 8 13 -2 -9 12 -6 -8
right_child=2 6 3 5 11 -7 7 10 -10 -11 -12 -13 -14 -15
leaf_value=0.011739210076627173 0.0064215899564284947 0.0084743648359788953 0.001404214060305635 -0.010337648202434121 -0.010327475754071612 0.0027615792559880191 0.0024556044387604756 -0.0093120671228123057 0.010397643195640063 -0.0025870375087550228 0.010410423569285825 -0.0043568733213522337 -0.041014580175577652 -0.010061586518253817
leaf_weight=2452.6294860243797 1192.277715086937 1566.0056361109018 758.52954322099686 4296.7712788581848 162.92736147344112 416.90719629824162 1143.8093368411064 640.97589355707169 825.22504837810993 972.4311471581459 129.18290834128857 990.6506305783987 65.966668695211411 304.42744520306587
leaf_count=9841 4773 6276 3035 17193 652 1668 4585 2564 3307 3891 517 3965 264 1219
internal_value=-5.1511e-08 0.00648022 -0.00516751 -0.00771207 -0.00105304 -0.00917907 0.00368209 0.00121637 0.00366231 0.00237473 -0.00600391 -0.00713739 -0.0191714 -0.000175579
internal_weight=15918.7 7062.26 8856.46 5472.21 3384.25 4713.68 4609.63 3043.62 2273.46 2164.71 770.159 1219.54 228.894 1448.24
internal_count=63750 28309 35441 21896 13545 18861 18468 12192 9111 8664 3081 4881 916 5804
is_linear=0
shrinkage=0.05


Tree=8
num_leaves=15
num_cat=0
split_feature=0 14 12 14 13 1 13 1 2 11 8 8 10 2
split_gain=192.486 42.6951 37.6406 28.2421 31.8078 23.9018 22.935 28.4546 22.2008 23.7554 21.3634 20.2959 20.1308 18.657
threshold=-0.0012825287662686644 18.000000000000004 1.0000000180025095e-35 14.000000000000002 4.5000000000000009 -0.0075410343157155104 6.5000000000000009 -0.0026060863286156972 -0.009423204622987345 1.0000000180025095e-35 0.074220562173126239 -0.25663235288412722 41.711669018400009 -0.011932820516995733
decision_type=2 2 2 2 2 2 2 2 2 2 2 2 2 2
left_child=2 5 3 4 10 8 -5 -8 -2 -10 -1 -6 -9 -13
right_child=1 -3 -4 6 11 -7 7 12 9 -11 -12 13 -14 -15
leaf_value=-0.0011441639041409747 -0.0080729542746624978 -0.012291778002780022 -0.0018741386901548309 0.015308286838809438 -0.011293454521601251 -0.0050287770371409976 0.022193666917154721 -0.038893500988467618 0.010391364787997515 -0.0022095648919116108 0.0093880815723934655 0.025798174485632281 -0.0016255910341640735 0.010017562301382487
leaf_weight=1722.0310366153717 468.62248840928078 1603.8529613316059 1208.6714677363634 1558.8151533901691 97.172022849321365 5283.755549043417 92.770329430699348 49.87916724383831 785.97188372910023 713.60705831646919 668.32813592255116 218.51883219182491 132.46762709319592 1310.9251895546913
leaf_count=6901 1875 6423 4837 6261 390 21140 373 200 3148 2855 2679 877 531 5260
internal_value=-1.14788e-08 -0.0049095 0.00615865 0.00781805 0.00547085 -0.00327683 0.0129593 -0.000350396 0.00142637 0.00439494 0.00180058 0.0108644 -0.0118199 0.0122722
internal_weight=15915.4 8855.81 7059.58 5850.91 4016.98 7251.96 1833.93 275.117 1968.2 1499.58 2390.36 1626.62 182.347 1529.44
internal_count=63750 35441 28309 23472 16107 29018 7365 1104 7878 6003 9580 6527 731 6137
is_linear=0
shrinkage=0.05


end of trees

feature_importances:
btc_return=24
hour_of_day=20
return_lag_2=16
return_lag_1=13
day_of_week=10
macd_hist_ratio=9
bb_position=8
return_lag_3=7
return_lag_4=7
sma200_deviation=4
symbol_code=3
volatility_20=2
sma20_deviation=1
sma50_deviation=1
rsi14=1

parameters:
[boosting: gbdt]
[objective: binary]
[metric: binary_logloss]
[tree_learner: serial]
[device_type: cpu]
[data_sample_strategy: bagging]
[data: ]
[valid: ]
[num_iterations: 1000]
[learning_rate: 0.05]
[num_leaves: 15]
[num_threads: 0]
[seed: 20260818]
[deterministic: 0]
[force_col_wise: 0]
[force_row_wise: 0]
[histogram_pool_size: -1]
[max_depth: -1]
[min_data_in_leaf: 200]
[min_sum_hessian_in_leaf: 0.001]
[bagging_fraction: 1]
[pos_bagging_fraction: 1]
[neg_bagging_fraction: 1]
[bagging_freq: 0]
[bagging_seed: 5611]
[bagging_by_query: 0]
[feature_fraction: 0.8]
[feature_fraction_bynode: 1]
[feature_fraction_seed: 31734]
[extra_trees: 0]
[extra_seed: 414]
[early_stopping_round: 0]
[early_stopping_min_delta: 0]
[first_metric_only: 0]
[max_delta_step: 0]
[lambda_l1: 0]
[lambda_l2: 0]
[linear_lambda: 0]
[min_gain_to_split: 0]
[drop_rate: 0.1]
[max_drop: 50]
[skip_drop: 0.5]
[xgboost_dart_mode: 0]
[uniform_drop: 0]
[drop_seed: 2883]
[top_rate: 0.2]
[other_rate: 0.1]
[min_data_per_group: 100]
[max_cat_threshold: 32]
[cat_l2: 10]
[cat_smooth: 10]
[max_cat_to_onehot: 4]
[top_k: 20]
[monotone_constraints: ]
[monotone_constraints_method: basic]
[monotone_penalty: 0]
[feature_contri: ]
[forcedsplits_filename: ]
[refit_decay_rate: 0.9]
[cegb_tradeoff: 1]
[cegb_penalty_split: 0]
[cegb_penalty_feature_lazy: ]
[cegb_penalty_feature_coupled: ]
[path_smooth: 0]
[interaction_constraints: ]
[verbosity: -1]
[saved_feature_importance_type: 0]
[use_quantized_grad: 0]
[num_grad_quant_bins: 4]
[quant_train_renew_leaf: 0]
[stochastic_rounding: 1]
[linear_tree: 0]
[max_bin: 255]
[max_bin_by_feature: ]
[min_data_in_bin: 3]
[bin_construct_sample_cnt: 200000]
[data_random_seed: 4752]
[is_enable_sparse: 1]
[enable_bundle: 1]
[use_missing: 1]
[zero_as_missing: 0]
[feature_pre_filter: 1]
[pre_partition: 0]
[two_round: 0]
[header: 0]
[label_column: ]
[weight_column: ]
[group_column: ]
[ignore_column: ]
[categorical_feature: 15]
[forcedbins_filename: ]
[precise_float_parser: 0]
[parser_config_file: ]
[objective_seed: 2779]
[num_class: 1]
[is_unbalance: 0]
[scale_pos_weight: 1]
[sigmoid: 1]
[boost_from_average: 1]
[reg_sqrt: 0]
[alpha: 0.9]
[fair_c: 1]
[poisson_max_delta_step: 0.7]
[tweedie_variance_power: 1.5]
[lambdarank_truncation_level: 30]
[lambdarank_norm: 1]
[label_gain: ]
[lambdarank_position_bias_regularization: 0]
[eval_at: ]
[multi_error_top_k: 1]
[auc_mu_weights: ]
[num_machines: 1]
[local_listen_port: 12400]
[time_out: 120]
[machine_list_filename: ]
[machines: ]
[gpu_platform_id: -1]
[gpu_device_id: -1]
[gpu_device_id_list: ]
[gpu_use_dp: 0]
[num_gpu: 1]

end of parameters

pandas_categorical:null
